158
2474
45
75
45
105
145
151
26
108
128
82
14
144
128
126
140
47
95
69
52
122
112
110
139
39
22
7
32
43
99
115
83
13
42
91
79
105
73
100
25
83
45
82
89
100
148
128
83
90
102
77
94
126
83
115
64
105
53
34
76
11
29
80
63
51
24
16
6
51
79
41
93
11
111
24
152
103
113
77
50
64
136
34
8
116
149
35
90
75
23
35
96
86
19
110
34
122
120
150
7
24
28
24
91
141
50
149
118
84
33
6
125
135
84
56
73
72
87
80
155
78
117
13
13
149
52
112
85
134
133
117
22
156
41
58
107
70
79
137
144
120
108
109
93
42
8
40
14
62
139
54
150
52
146
83
157
43
75
66
25
70
17
63
23
150
61
68
47
78
82
73
104
63
37
145
126
49
131
47
51
68
21
139
5
152
45
15
89
125
146
81
91
97
49
42
150
76
50
135
46
42
118
11
156
18
45
72
60
118
129
123
111
38
107
21
109
116
118
87
42
31
106
7
79
37
24
21
64
116
14
140
108
129
75
21
124
53
8
104
60
113
52
56
66
10
72
133
110
46
6
139
144
81
131
22
5
125
104
42
106
40
128
20
23
40
126
47
17
87
151
98
5
40
123
62
96
59
152
101
126
72
24
6
16
158
111
94
79
15
122
85
96
137
58
111
112
16
135
74
136
40
82
137
14
70
89
75
59
146
152
33
100
61
19
29
85
8
59
55
76
145
115
54
21
138
156
112
81
153
120
122
153
131
117
54
48
56
45
34
32
62
58
11
10
129
15
155
92
117
130
67
118
8
125
83
111
15
127
15
7
147
114
117
5
141
100
123
6
127
110
124
143
111
33
101
118
68
135
109
100
120
109
46
108
114
37
137
7
16
90
15
92
18
41
60
116
7
57
54
27
49
53
111
116
18
127
56
116
142
101
66
6
7
11
84
88
58
19
154
71
35
25
48
56
95
26
10
96
16
57
42
153
110
32
19
57
137
81
9
139
126
114
144
92
97
11
27
22
74
41
129
36
136
44
19
122
58
120
10
23
79
156
52
56
69
37
80
40
129
92
71
90
119
35
153
68
158
144
100
40
34
155
81
5
112
73
92
120
157
92
115
17
61
103
72
63
26
71
130
50
30
125
34
113
30
9
36
108
90
84
111
32
8
129
19
120
151
33
47
139
19
111
19
9
68
131
76
38
105
55
151
37
61
109
64
48
63
29
25
77
48
122
90
101
112
87
88
90
8
100
80
143
19
26
110
33
27
108
137
149
25
95
103
104
158
40
85
90
50
50
135
51
106
67
74
153
49
39
95
11
138
41
111
36
131
16
139
62
42
10
105
5
135
146
71
56
80
6
34
72
145
126
144
57
120
153
10
14
152
29
91
9
35
52
63
81
59
71
15
143
59
151
31
12
95
23
12
102
82
28
15
135
136
140
81
22
79
68
92
46
89
85
105
75
91
23
67
120
135
55
82
12
18
51
10
70
92
22
48
64
22
13
27
32
9
98
143
88
96
22
33
141
63
143
24
8
143
106
142
76
79
143
122
119
53
124
149
121
62
157
157
24
147
20
54
22
109
79
30
37
62
155
28
126
120
22
97
85
24
14
87
119
35
132
45
70
76
124
36
22
149
29
152
20
128
69
40
93
145
13
22
86
112
16
145
146
135
158
79
35
38
41
76
73
65
38
72
156
28
34
32
51
68
138
29
94
61
81
13
88
43
147
125
142
11
145
146
64
35
90
41
44
71
46
97
62
42
62
147
88
30
111
48
75
83
28
132
74
126
109
53
48
55
52
131
13
90
146
147
52
59
42
79
66
100
88
74
49
71
26
31
39
39
77
70
157
123
141
16
6
121
110
148
6
102
142
40
77
118
30
126
99
150
131
83
106
61
17
43
7
44
124
153
46
89
132
24
90
138
156
26
60
99
64
11
126
49
108
80
52
133
55
46
26
45
136
107
25
39
50
99
135
71
55
98
26
154
94
62
105
103
88
58
39
118
145
119
16
55
139
71
129
61
97
119
154
109
145
150
67
142
96
50
12
55
6
21
114
113
139
49
118
144
17
145
26
13
100
24
121
113
45
143
59
80
100
28
76
7
80
49
113
131
12
136
21
9
111
64
33
71
96
131
152
121
136
123
135
95
28
140
15
63
10
23
66
90
39
94
90
131
89
113
91
75
94
16
113
134
23
150
30
19
38
139
34
155
114
139
8
66
114
69
31
81
114
121
125
126
155
116
43
21
69
70
75
154
6
52
51
19
145
71
51
84
68
113
73
7
14
10
131
137
14
26
24
113
36
71
95
72
50
5
74
47
95
129
24
147
154
101
75
38
77
68
81
91
61
43
126
49
59
34
67
141
135
128
87
97
148
105
146
68
43
89
80
53
59
116
134
123
62
62
25
52
94
137
67
28
92
7
146
57
7
33
124
139
9
95
81
110
47
84
30
50
72
26
124
43
16
121
62
103
120
57
131
157
9
48
147
109
37
115
50
82
57
9
61
16
27
6
67
69
12
102
122
156
116
41
31
150
151
75
51
62
124
139
61
138
113
21
24
38
36
22
42
119
42
24
67
95
71
32
132
60
32
145
20
131
54
154
54
97
48
24
82
42
66
125
157
128
25
81
38
140
152
143
96
61
77
48
84
65
46
138
31
117
18
69
125
121
46
151
64
135
130
139
144
5
150
84
47
26
96
12
116
96
143
46
94
26
141
76
156
125
131
146
47
143
60
123
11
79
40
35
42
154
31
89
111
34
56
58
80
75
37
11
50
94
85
96
147
5
82
99
144
148
136
147
14
132
47
16
86
83
133
39
84
143
73
148
83
127
80
47
129
26
103
24
23
56
62
149
141
125
131
108
158
32
57
133
87
65
14
38
38
152
143
47
98
139
90
42
110
42
126
116
69
9
39
15
56
92
10
7
72
99
139
102
109
144
150
112
24
80
106
81
23
88
124
150
125
113
99
127
94
105
109
103
62
142
122
80
77
12
88
79
56
129
33
77
32
54
59
14
114
41
132
126
8
116
47
142
9
37
78
8
65
136
67
21
108
124
102
135
143
58
54
81
120
94
104
17
36
93
85
121
120
117
131
129
100
102
121
124
28
79
64
63
66
118
24
53
87
65
94
91
118
108
124
65
151
24
7
63
84
89
144
124
45
117
37
146
46
126
120
145
46
10
109
110
68
98
96
73
33
63
77
46
54
57
85
94
115
144
16
130
96
27
138
98
112
93
25
85
95
105
127
16
47
122
89
65
54
89
100
30
68
17
72
38
115
45
108
22
126
19
139
127
123
154
75
154
150
118
18
49
132
14
54
104
100
20
88
91
156
89
21
84
107
32
117
23
39
35
47
129
30
145
137
87
41
145
19
50
78
97
124
89
114
78
138
30
151
56
51
86
144
27
131
15
45
141
146
12
98
153
72
5
119
41
153
59
30
56
8
111
103
153
75
59
28
148
45
138
70
41
28
32
14
16
44
12
17
102
68
114
11
125
148
152
78
104
158
34
39
108
157
137
129
22
31
72
32
125
146
157
107
63
31
64
68
74
75
94
26
51
125
109
63
8
128
54
63
150
69
60
76
42
84
127
28
49
121
146
83
139
60
42
46
21
53
69
82
11
100
53
85
5
90
129
18
84
77
116
22
99
43
63
46
152
33
56
5
35
19
135
123
24
50
78
125
17
135
37
58
156
151
152
40
56
75
47
123
61
131
132
31
12
139
144
36
121
79
156
27
35
64
135
150
10
62
101
77
88
60
15
133
27
84
149
25
72
106
83
26
110
75
157
99
110
128
20
116
20
56
78
121
143
119
15
44
152
81
99
38
111
116
71
145
148
93
39
65
147
87
76
14
70
135
149
7
86
119
73
88
29
82
38
95
115
28
111
98
124
155
60
84
38
68
54
49
91
43
108
144
116
56
37
109
155
116
146
57
35
111
107
104
53
137
113
154
60
35
29
99
40
72
41
63
142
71
61
34
17
53
120
93
123
31
93
156
152
142
98
85
49
120
26
41
12
33
74
75
59
120
55
43
143
7
58
130
145
158
73
10
86
6
154
142
34
8
93
73
37
95
113
132
82
25
146
135
5
84
46
96
57
133
74
108
39
46
43
34
75
41
128
76
105
45
156
121
125
58
42
46
38
140
59
90
74
12
35
94
12
93
139
33
21
70
153
96
136
151
120
133
66
119
60
19
109
33
71
18
65
77
44
138
72
74
143
141
110
89
122
20
127
53
34
40
124
88
50
113
67
24
62
74
81
110
17
53
18
131
13
75
27
131
55
19
24
89
11
116
40
115
12
115
76
16
14
153
21
6
98
79
110
24
11
20
74
21
16
85
124
109
31
44
116
15
60
18
50
92
28
47
5
24
70
73
125
37
10
72
53
22
38
14
53
47
48
149
52
88
69
71
25
133
28
36
23
76
27
114
34
30
120
20
134
132
58
137
103
113
132
5
46
89
79
57
152
85
114
105
132
30
137
102
128
146
101
117
21
98
104
102
137
70
55
116
91
146
153
58
63
114
73
92
7
75
94
74
93
118
52
147
67
62
7
63
63
43
120
54
11
66
34
71
79
33
44
47
132
150
153
150
103
87
98
7
40
45
25
73
113
60
101
99
154
133
135
73
91
103
89
121
112
112
66
78
101
19
80
124
120
120
20
33
38
140
130
54
101
43
55
24
137
23
14
87
28
69
94
93
70
97
73
144
131
44
14
28
111
140
155
110
90
133
90
36
105
78
70
5
34
49
52
94
95
29
30
90
94
51
144
156
7
60
95
108
69
37
123
97
99
130
38
126
53
142
17
32
149
24
107
154
8
37
108
74
68
112
89
155
15
79
44
102
133
23
85
81
153
70
68
65
90
41
78
101
84
93
77
126
128
109
147
101
121
151
74
151
122
19
104
9
106
10
5
25
156
54
57
77
89
128
137
37
98
77
131
33
104
146
127
135
126
51
43
116
124
24
5
148
155
41
82
136
11
115
138
31
150
106
17
107
148
14
21
148
106
50
29
62
70
72
95
118
145
138
56
95
95
45
97
38
17
85
152
26
52
42
36
79
53
150
77
10
73
98
116
122
44
98
141
118
92
151
116
77
154
128
137
105
55
47
145
115
150
39
69
57
58
108
22
11
41
112
30
156
128
118
72
81
79
14
123
116
17
75
40
6
128
132
134
73
91
46
83
21
106
124
78
138
41
34
148
13
15
17
28
31
63
91
41
55
138
135
101
64
33
67
31
38
154
89
146
103
47
98
16
109
131
153
153
117
109
52
68
86
15
29
93
12
47
138
55
130
111
34
128
51
128
145
47
23
13
158
50
11
152
158
116
126
115
147
30
82
53
47
81
148
31
129
39
21
11
65
68
134
122
143
111
121
81
139
10
48
53
86
26
76
105
86
129
28
39
24
68
106
82
158
120
90
139
122
14
121
107
116
7
151
40
118
87
84
114
69
64
153
138
112
41
124
129
111
64
155
69
56
136
57
150
31
21
54
158
31
98
62
139
54
102
76
132
52
107
57
10
26
28
116
26
94
79
109
94
123
80
98
54
115
136
126
134
158
46
116
38
29
114
54
127
30
114
